asso_func: giou
delta_t: 1
det_thresh: 0
inertia: 0.3348497441538068
iou_thresh: 0.2625783256595632
max_age: 50
min_hits: 1
use_byte: false
